48.6738669444444
48.7052038888889
48.6500113888889
48.5903530555556
48.5438091666667
48.52588
48.5556877777778
48.5795727777778
48.6039008333333
48.6354777777778
48.6343736111111
48.6425711111111
48.637255
48.6339802777778
48.6043775
48.6188063888889
48.6082669444444
48.6036283333333
48.5953561111111
48.58731
48.5797166666667
48.5771197222222
48.5766313888889
48.5853266666667
48.5912952777778
48.5966958333333
48.6019822222222
48.6065869444444
48.6105077777778
48.6063752777778
48.6031477777778
48.5990116666667
48.5940808333333
48.5865377777778
48.5838766666667
48.5810994444445
48.5787816666667
48.5743105555556
48.5726388888889
48.575965
48.5819027777778
48.5854552777778
48.593095
48.5929
48.5946919444445
48.60216
48.6108755555556
48.6099430555556
48.6142311111111
48.6195969444445
48.6254161111111
48.6234627777778
48.629395
48.6402655555556
48.6454077777778
48.6441705555556
48.6458294444445
48.6446444444445
48.6446783333333
48.6434933333333
48.6454908333333
48.6434258333333
48.6415638888889
48.6408527777778
48.6412930555556
48.6398372222222
48.63872
48.6376025
48.6369594444444
48.6367222222222
48.6350633333333
48.6345552777778
48.6341152777778
48.6326591666667
48.6320158333333
48.6304919444445
48.6293744444444
48.6285280555556
48.6274105555556
48.6270380555556
48.6254233333333
48.6247569444444
48.6245725
48.6254661111111
48.6262886111111
48.6264019444444
48.6259055555556
48.6252675
48.6220761111111
48.6199344444445
48.6187602777778
48.6209697222222
48.6401694444445
48.6566447222222
48.6662494444444
48.6689211111111
48.6674794444444
48.6682805555556
48.6676891666667
48.6678347222222
48.6688302777778
48.6686358333333
48.6695180555556
48.6714775
48.6747402777778
48.6762780555556
48.6765122222222
48.6781633333333
48.6796444444444
48.6811822222222
48.6811575
48.6840230555556
48.6867183333333
48.6884502777778
48.6865558333333
48.6852847222222
48.6833902777778
48.6818922222222
48.6825477777778
48.6803130555556
48.6789286111111
48.6753333333333
48.6709447222222
48.6688794444444
48.6673819444444
48.6653725
48.6638741666667
48.6654688888889
48.6665780555556
48.6641727777778
48.6632977777778
48.6620261111111
48.6615480555556
48.6597091666667
48.6588341666667
48.6575338888889
48.6565861111111
48.6551280555556
48.6551725
48.6544230555556
48.6567638888889
48.6568577777778
48.65492
48.6553958333333
48.6561205555556
48.6565194444444
48.6566266666667
48.6568330555556
48.6580033333333
48.6579263888889
48.65758
48.6573047222222
48.6570433333333
48.6565836111111
48.6526775
48.6429961111111
48.6411275
48.6348419444444
48.6397686111111
48.6469027777778
48.6531869444444
48.6489411111111
48.6497902777778
48.6452044444444
48.6440152777778
48.6370505555556
48.6334827777778
48.6310480555556
48.6298002777778
48.6256022222222
48.6152758333333
48.6140275
48.6093741666667
48.5967738888889
48.5998391666667
48.5974552777778
48.5955819444444
48.5845113888889
48.5843411111111
48.5831486111111
48.538515
48.5251316666667
48.5262988888889
48.5356505555556
48.5318161111111
48.500235
48.4982177777778
48.5240477777778
48.5322630555556
48.5308005555556
48.5409319444444
48.547425
48.5535119444444
48.5556519444444
48.5593519444444
48.561185
48.5605675
48.5674480555556
48.5727375
48.5807522222222
48.5854725
48.5842877777778
48.5846927777778
48.5897533333333
48.5929966666667
48.5938558333333
48.6009097222222
48.6023361111111
48.6077355555556
48.6107508333333
48.6163761111111
48.6246108333333
48.6283702777778
48.6337666666667
48.6367805555556
48.6431969444444
48.6442819444445
48.6468413888889
48.6473102777778
48.6500963888889
48.6502741666667
48.6560669444444
48.6550341666667
48.6549936111111
48.6550380555556
48.6561880555556
48.6573416666667
48.6581516666667
48.6580541666667
48.6762597222222
48.7000877777778
48.7229152777778
48.7549538888889
48.7719569444444
48.7636144444444
48.7765425
48.7804188888889
48.7851997222222
48.8044538888889
48.8119455555556
48.8192402777778
48.8217569444444
48.7831183333333
48.83357
48.8566761111111
48.8659666666667
48.8526702777778
48.8438891666667
48.7984838888889
48.8358147222222
48.8362969444445
48.8533705555556
48.869535
48.8475266666667
48.8374869444445
48.8367111111111
48.8094886111111
48.8322138888889
48.7771608333333
48.680355
48.6851788888889
48.6713811111111
48.6308116666667
48.6324302777778
48.6476602777778
48.6710486111111
48.6753863888889
48.6588644444444
48.6550391666667
48.6727866666667
48.6929905555556
48.7208880555556
48.7265802777778
48.7263838888889
48.7116911111111
48.7133072222222
48.7045016666667
48.6866294444444
48.6959516666667
48.6957552777778
48.6855869444444
48.6581838888889
48.6534513888889
48.6496258333333
48.6412630555556
48.6356216666667
48.6626436111111
48.6774113888889
48.6790283333333
48.66024
48.6550541666667
48.6403405555556
48.6419588888889
48.6265908333333
48.6245786111111
48.6361811111111
48.6387069444444
48.6194497222222
48.5988227777778
48.6086152777778
48.5798077777778
48.5759763888889
48.5712363888889
48.5583161111111
48.5590280555556
48.5442863888889
48.5254477777778
48.5057758333333
48.474095
48.4119502777778
48.3907825
48.3719263888889
48.3655255555556
48.3301888888889
48.3304477777778
48.3284847222222
48.33696
48.3516858333333
48.3432738888889
48.3353169444444
48.3374013888889
48.3536327777778
48.3557166666667
48.375135
48.3601213888889
48.3268658333333
48.2780538888889
48.2484027777778
48.2461775
48.2311469444444
48.1675908333333
48.1644461111111
48.2336166666667
48.2030247222222
48.1962205555556
48.1574452777778
48.1248911111111
48.0951513888889
48.113095
48.0649966666667
48.0370588888889
47.9989986111111
48.0050325
47.9706263888889
47.9398775
47.8897755555556
47.8396252777778
47.8181436111111
47.7946852777778
47.7887497222222
47.7901952777778
47.8294541666667
47.8585486111111
47.8415608333333
47.8531427777778
47.8947175
47.8657661111111
47.7897644444444
47.7847513888889
47.7963458333333
47.7719544444444
47.7595544444444
47.7175941666667
47.6940902777778
47.6983111111111
47.6794216666667
47.6225891666667
47.5879288888889
47.5411952777778
47.5241038888889
47.4736005555556
47.4713416666667
47.5646136111111
47.5623588888889
47.5517627777778
47.5504341666667
47.5750527777778
47.6135483333333
47.6140727777778
47.5895961111111
47.5437911111111
47.5647063888889
47.5485494444444
47.4943583333333
47.4809641666667
47.5000488888889
47.4894402777778
47.5103772222222
47.5109027777778
47.4984408333333