-1.84667305555556
-1.84735972222222
-2.0238275
-1.97232916666667
-1.96408944444444
-1.96477611111111
-1.99292861111111
-1.99636166666667
-2.03069416666667
-2.04786027777778
-2.09386527777778
-2.11309138888889
-2.13300416666667
-2.15017027777778
-2.12442111111111
-2.14536388888889
-2.15497694444444
-2.16630638888889
-2.17042638888889
-2.15463361111111
-2.16424666666667
-2.16630638888889
-2.17952444444444
-2.1875925
-2.18227111111111
-2.18433083333333
-2.18261444444444
-2.18742083333333
-2.19531722222222
-2.19463055555556
-2.19205583333333
-2.19463055555556
-2.19136916666667
-2.19703388888889
-2.20115388888889
-2.20149722222222
-2.20527361111111
-2.20707611111111
-2.212655
-2.21093861111111
-2.21196833333333
-2.21008027777778
-2.2142
-2.21668916666667
-2.22415638888889
-2.22286888888889
-2.22819055555556
-2.23231027777778
-2.24449833333333
-2.24398333333333
-2.23763194444444
-2.24252416666667
-2.25239472222222
-2.24821777777778
-2.24147305555556
-2.2442075
-2.24764027777778
-2.25138055555556
-2.25399361111111
-2.25691416666667
-2.25942472222222
-2.26408694444444
-2.26598277777778
-2.26962055555556
-2.27120888888889
-2.27351444444444
-2.27223361111111
-2.27279722222222
-2.27407805555556
-2.27669111111111
-2.27879166666667
-2.2802775
-2.28227583333333
-2.28376166666667
-2.28657972222222
-2.28642583333333
-2.28678444444444
-2.289705
-2.28934638888889
-2.28724583333333
-2.29241222222222
-2.29329194444444
-2.29421472222222
-2.29548055555556
-2.29492277777778
-2.29599555555556
-2.29781944444444
-2.29891388888889
-2.300695
-2.30372027777778
-2.32413888888889
-2.33519333333333
-2.30768555555556
-2.29714527777778
-2.28698694444444
-2.28398277777778
-2.28913277777778
-2.28981944444444
-2.29119277777778
-2.29866
-2.30380972222222
-2.30544055555556
-2.30672805555556
-2.31179194444444
-2.31445277777778
-2.31359444444444
-2.31256444444444
-2.31333694444444
-2.31170611111111
-2.31050444444444
-2.31307944444444
-2.31462444444444
-2.31565444444444
-2.31848694444444
-2.31874444444444
-2.32071833333333
-2.32286416666667
-2.32492416666667
-2.327585
-2.32621166666667
-2.32612583333333
-2.32878638888889
-2.33565305555556
-2.34097444444444
-2.34415027777778
-2.34363527777778
-2.34621027777778
-2.3469825
-2.34964333333333
-2.35041583333333
-2.34835583333333
-2.34964333333333
-2.35204666666667
-2.35427833333333
-2.35685305555556
-2.35612361111111
-2.35826944444444
-2.35929944444444
-2.36028638888889
-2.3632475
-2.36397722222222
-2.36456722222222
-2.36517861111111
-2.36586527777778
-2.36560777777778
-2.36608
-2.36691666666667
-2.36756055555556
-2.36820416666667
-2.36998527777778
-2.37028555555556
-2.37019972222222
-2.36959888888889
-2.36949166666667
-2.38358388888889
-2.39566666666667
-2.41803277777778
-2.41109166666667
-2.42111777777778
-2.41906111111111
-2.43731388888889
-2.45710916666667
-2.46816361111111
-2.47561916666667
-2.48873027777778
-2.47870416666667
-2.46816361111111
-2.46962166666667
-2.47734638888889
-2.47305472222222
-2.48524277777778
-2.49056416666667
-2.49485583333333
-2.53759944444444
-2.55356388888889
-2.55510888888889
-2.551075
-2.56386361111111
-2.56618111111111
-2.56575194444444
-2.62892305555556
-2.63784972222222
-2.6557025
-2.66874861111111
-2.68248166666667
-2.68248166666667
-2.69003472222222
-2.71612722222222
-2.7099475
-2.72402361111111
-2.71853055555556
-2.72436694444444
-2.71320888888889
-2.71406722222222
-2.73174833333333
-2.73226333333333
-2.73964472222222
-2.76487888888889
-2.77466361111111
-2.77586527777778
-2.78153027777778
-2.787195
-2.79182972222222
-2.80161444444444
-2.81054083333333
-2.81981055555556
-2.82599055555556
-2.81929555555556
-2.81895222222222
-2.81397416666667
-2.8158625
-2.82290055555556
-2.82032555555556
-2.82204222222222
-2.82684888888889
-2.82238555555556
-2.82633388888889
-2.81672083333333
-2.8148325
-2.82084055555556
-2.82719194444444
-2.8269775
-2.83114027777778
-2.83414444444444
-2.83616138888889
-2.83792083333333
-2.83796388888889
-2.83633305555556
-2.83804972222222
-2.88360666666667
-2.89253305555556
-2.94609138888889
-2.92892527777778
-2.95158444444444
-2.96051083333333
-3.02711555555556
-3.00720277777778
-3.04222166666667
-3.00170972222222
-3.0154425
-3.00651611111111
-3.06900083333333
-3.09784
-3.08067388888889
-3.07586722222222
-3.11637944444444
-3.15963805555556
-3.1802375
-3.22212277777778
-3.20427
-3.21731638888889
-3.21044972222222
-3.22555611111111
-3.25679833333333
-3.260575
-3.27190472222222
-3.43223638888889
-3.49540777777778
-3.586045
-3.57780527777778
-3.85612444444444
-3.86436444444444
-3.84925805555556
-3.85955777777778
-3.89732333333333
-3.88908361111111
-3.9241025
-3.93165555555556
-3.95294166666667
-3.94950833333333
-3.96667444444444
-3.96255472222222
-3.98933388888889
-4.00924666666667
-4.01817305555556
-4.03533916666667
-4.05113194444444
-4.06692472222222
-4.10812361111111
-4.15138222222222
-4.18777444444445
-4.22348
-4.1973875
-4.27429166666667
-4.29695111111111
-4.30793722222222
-4.29626444444444
-4.32647666666667
-4.34844944444444
-4.39033472222222
-4.43771333333333
-4.41574055555556
-4.44183333333333
-4.47135888888889
-4.49607805555556
-4.5187375
-4.54689
-4.57160916666667
-4.56405611111111
-4.59838833333333
-4.62585416666667
-4.67048611111111
-4.70207194444444
-4.70893833333333
-4.72610444444444
-4.75288361111111
-4.77416972222222
-4.78103611111111
-4.76798972222222
-4.80026222222222
-4.77828944444445
-4.76527527777778
-4.78978805555556
-4.776055
-4.73828944444445
-4.71151027777778
-4.6957175
-4.68473111111111
-4.65039888888889
-4.62636638888889
-4.60508027777778
-4.55632861111111
-4.53366916666667
-4.49659027777778
-4.44097194444444
-4.57967444444444
-4.63323277777778
-4.63185944444445
-4.55495527777778
-4.57830111111111
-4.56868805555556
-4.53572916666667
-4.47942416666667
-4.37780055555556
-4.32149583333333
-4.30501611111111
-4.29265666666667
-4.30501611111111
-4.3681875
-4.71563027777778
-4.74446944444444
-4.57692777777778
-4.5371025
-4.44646527777778
-4.41213305555556
-4.36956083333333
-4.35994777777778
-4.38741361111111
-4.37917388888889
-4.29677638888889
-4.20339277777778
-4.1553275
-4.11824861111111
-4.04134444444444
-3.96993333333333
-3.96581333333333
-3.9383475
-3.86007
-3.799645
-3.73098055555556
-3.68154222222222
-3.53185333333333
-3.49477444444444
-3.4563225
-3.38216472222222
-3.28603416666667
-3.20363694444444
-3.14870527777778
-3.14321194444444
-3.16793138888889
-3.14321194444444
-3.09102694444444
-3.12123944444444
-3.09102694444444
-2.96743083333333
-2.92760527777778
-2.88228666666667
-2.84658111111111
-2.77654333333333
-2.72985138888889
-2.75457055555556
-2.89189972222222
-2.92623194444444
-2.8534475
-2.79302277777778
-2.73534472222222
-2.67629305555556
-2.55407027777778
-2.50325833333333
-2.4497